NP_996220.1	NP_524896.2	100.000	270	0	0	1	270	224	493	0.0	575
NP_996220.1	NP_001303472.1	100.000	270	0	0	1	270	224	493	0.0	575
NP_996220.1	NP_996220.1	100.000	270	0	0	1	270	1	270	0.0	563
NP_996220.1	NP_732181.1	100.000	270	0	0	1	270	1	270	0.0	563
NP_996220.1	NP_732180.1	100.000	270	0	0	1	270	1	270	0.0	563
NP_996220.1	NP_650577.1	100.000	270	0	0	1	270	1	270	0.0	563
NP_996220.1	NP_001303474.1	100.000	270	0	0	1	270	1	270	0.0	563
NP_996220.1	NP_001303473.1	100.000	270	0	0	1	270	1	270	0.0	563
NP_996220.1	NP_001303471.1	100.000	270	0	0	1	270	1	270	0.0	563
NP_996220.1	NP_001262648.1	100.000	270	0	0	1	270	1	270	0.0	563
NP_996220.1	NP_476693.1	48.837	86	42	1	165	248	139	224	1.71e-19	86.7
NP_996220.1	NP_001247145.1	48.837	86	42	1	165	248	139	224	1.71e-19	86.7
NP_996220.1	NP_001163632.1	48.837	86	42	1	165	248	139	224	1.71e-19	86.7
NP_996220.1	NP_732171.1	54.930	71	31	1	155	224	259	329	4.33e-19	85.9
NP_996220.1	NP_732176.1	48.837	86	42	1	165	248	399	484	4.72e-19	87.4
NP_996220.1	NP_732172.1	54.930	71	31	1	155	224	276	346	4.77e-19	85.9
NP_996220.1	NP_732173.1	54.930	71	31	1	155	224	268	338	4.82e-19	85.9
NP_996220.1	NP_536752.1	54.930	71	31	1	155	224	285	355	5.40e-19	85.9
NP_996220.1	NP_996173.1	53.333	75	33	2	151	224	267	340	1.12e-18	84.7
NP_996220.1	NP_996166.1	53.333	75	33	2	151	224	267	340	1.12e-18	84.7
NP_996220.1	NP_477498.1	56.897	58	25	0	165	222	255	312	1.13e-18	85.5
NP_996220.1	NP_996174.1	53.333	75	33	2	151	224	280	353	1.17e-18	84.7
NP_996220.1	NP_996171.1	53.333	75	33	2	151	224	280	353	1.17e-18	84.7
NP_996220.1	NP_996172.1	53.165	79	31	3	151	224	267	344	1.85e-18	84.3
NP_996220.1	NP_996169.1	53.165	79	31	3	151	224	267	344	1.85e-18	84.3
NP_996220.1	NP_996175.1	53.165	79	31	3	151	224	280	357	2.07e-18	84.3
NP_996220.1	NP_996170.1	53.165	79	31	3	151	224	280	357	2.07e-18	84.3
NP_996220.1	NP_996168.1	53.165	79	31	3	151	224	280	357	2.07e-18	84.3
NP_996220.1	NP_996167.1	53.165	79	31	3	151	224	280	357	2.07e-18	84.3
NP_996220.1	NP_996165.1	40.171	117	55	2	116	221	269	381	2.19e-18	84.7
NP_996220.1	NP_524248.2	40.171	117	55	2	116	221	269	381	2.19e-18	84.7
NP_996220.1	NP_536748.1	60.000	60	24	0	165	224	253	312	3.86e-18	83.2
NP_996220.1	NP_996219.1	60.000	60	24	0	165	224	262	321	4.66e-18	82.8
NP_996220.1	NP_476669.3	50.000	70	35	0	165	234	199	268	1.72e-17	83.2
NP_996220.1	NP_996162.1	50.000	70	35	0	165	234	194	263	1.76e-17	82.8
NP_996220.1	NP_996161.1	50.000	70	35	0	165	234	189	258	1.77e-17	82.8
NP_996220.1	NP_996163.1	50.000	70	35	0	165	234	194	263	1.81e-17	82.8
NP_996220.1	NP_477201.1	53.333	60	28	0	165	224	367	426	4.05e-16	78.6
NP_996220.1	NP_476794.1	51.613	62	30	0	165	226	44	105	1.09e-15	74.7
NP_996220.1	NP_001138017.1	51.613	62	30	0	165	226	24	85	1.19e-15	74.3
NP_996220.1	NP_996087.2	42.391	92	49	2	147	236	212	301	3.36e-15	74.3
NP_996220.1	NP_732768.1	54.386	57	26	0	165	221	87	143	6.12e-15	71.2
NP_996220.1	NP_648164.1	45.977	87	42	2	153	234	425	511	9.25e-15	74.3
NP_996220.1	NP_476793.1	50.000	64	32	0	161	224	87	150	1.34e-14	73.2
NP_996220.1	NP_733173.1	52.381	63	30	0	171	233	198	260	1.69e-14	72.8
NP_996220.1	NP_524521.1	52.381	63	30	0	171	233	198	260	1.69e-14	72.8
NP_996220.1	NP_001260641.1	45.833	72	38	1	155	225	281	352	2.29e-14	72.8
NP_996220.1	NP_476613.1	59.259	54	22	0	168	221	505	558	2.54e-14	73.2
NP_996220.1	NP_599128.1	44.872	78	38	1	148	225	262	334	2.57e-14	72.8
NP_996220.1	NP_476954.1	44.872	78	38	1	148	225	262	334	2.57e-14	72.8
NP_996220.1	NP_001246953.1	59.259	54	22	0	168	221	89	142	8.58e-14	68.9
NP_996220.1	NP_523670.2	47.692	65	34	0	157	221	63	127	3.87e-13	68.9
NP_996220.1	NP_732637.1	43.662	71	40	0	156	226	167	237	8.13e-12	65.1
NP_996220.1	NP_477324.1	52.632	57	27	0	165	221	422	478	8.58e-12	65.5
NP_996220.1	NP_995728.2	44.444	90	44	2	144	228	250	338	9.84e-12	65.1
NP_996220.1	NP_477350.2	44.444	90	44	2	144	228	250	338	9.84e-12	65.1
NP_996220.1	NP_731904.1	42.222	90	42	2	159	245	385	467	1.87e-11	64.3
NP_996220.1	NP_650357.2	42.222	90	42	2	159	245	385	467	1.87e-11	64.3
NP_996220.1	NP_001303453.1	42.222	90	42	2	159	245	385	467	1.87e-11	64.3
NP_996220.1	NP_001247103.1	42.222	90	42	2	159	245	385	467	1.87e-11	64.3
NP_996220.1	NP_731868.1	39.175	97	48	2	156	241	374	470	2.72e-11	63.9
NP_996220.1	NP_524433.1	45.205	73	35	2	152	221	288	358	1.04e-10	62.0
NP_996220.1	NP_732244.3	49.123	57	29	0	165	221	469	525	2.42e-10	61.2
NP_996220.1	NP_001287376.1	49.123	57	29	0	165	221	469	525	2.42e-10	61.2
NP_996220.1	NP_001246894.1	56.140	57	25	0	165	221	134	190	2.59e-10	59.3
NP_996220.1	NP_001262674.1	49.123	57	29	0	165	221	469	525	2.84e-10	60.8
NP_996220.1	NP_611491.2	50.877	57	28	0	165	221	87	143	3.01e-10	60.5
NP_996220.1	NP_001286635.1	50.877	57	28	0	165	221	87	143	3.01e-10	60.5
NP_996220.1	NP_476873.2	40.845	71	40	1	165	233	218	288	5.06e-10	59.7
NP_996220.1	NP_726486.1	50.000	58	29	0	164	221	124	181	5.86e-10	59.3
NP_996220.1	NP_523857.1	50.000	58	29	0	164	221	124	181	6.85e-10	59.3
NP_996220.1	NP_001137759.1	50.000	58	29	0	164	221	124	181	6.95e-10	59.3
NP_996220.1	NP_524825.1	42.254	71	41	0	165	235	304	374	7.37e-10	59.7
NP_996220.1	NP_476786.2	41.860	86	44	2	165	250	546	625	8.20e-10	59.7
NP_996220.1	NP_001036253.1	49.123	57	29	0	165	221	400	456	1.08e-09	58.9
NP_996220.1	NP_524435.2	46.552	58	31	0	165	222	354	411	2.73e-09	57.8
NP_996220.1	NP_001104401.2	40.845	71	42	0	165	235	93	163	4.73e-09	56.6
NP_996220.1	NP_523387.1	45.763	59	32	0	165	223	300	358	6.47e-09	56.6
NP_996220.1	NP_001015473.1	40.845	71	42	0	165	235	254	324	6.69e-09	56.6
NP_996220.1	NP_477146.1	50.980	51	25	0	171	221	326	376	7.00e-09	56.6
NP_996220.1	NP_476657.1	49.123	57	29	0	165	221	546	602	9.58e-09	56.2
NP_996220.1	NP_523386.1	45.763	59	32	0	165	223	381	439	1.01e-08	56.2
NP_996220.1	NP_647677.2	41.758	91	48	3	141	226	406	496	1.82e-08	55.5
NP_996220.1	NP_001262808.1	49.123	57	29	0	165	221	546	602	1.82e-08	55.5
NP_996220.1	NP_001259641.1	45.763	59	32	0	165	223	39	97	4.18e-08	53.9
NP_996220.1	NP_725059.1	40.678	59	35	0	165	223	455	513	6.75e-08	53.5
NP_996220.1	NP_523700.2	40.678	59	35	0	165	223	455	513	6.75e-08	53.5
NP_996220.1	NP_650938.2	36.559	93	55	2	142	230	170	262	9.73e-08	52.8
NP_996220.1	NP_722629.1	36.264	91	57	1	134	224	56	145	1.16e-07	52.8
NP_996220.1	NP_001262805.1	46.552	58	31	0	165	222	252	309	1.32e-07	52.8
NP_996220.1	NP_524434.2	46.552	58	31	0	165	222	252	309	1.35e-07	52.4
NP_996220.1	NP_523488.2	49.020	51	26	0	168	218	299	349	1.43e-07	52.4
NP_996220.1	NP_725057.2	42.373	59	34	0	165	223	472	530	2.71e-07	52.0
NP_996220.1	NP_725056.2	42.373	59	34	0	165	223	472	530	2.71e-07	52.0
NP_996220.1	NP_523699.3	42.373	59	34	0	165	223	472	530	2.71e-07	52.0
NP_996220.1	NP_001285592.1	35.556	90	53	2	153	239	40	127	3.61e-07	51.6
NP_996220.1	NP_001097075.2	35.556	90	53	2	153	239	40	127	3.61e-07	51.6
NP_996220.1	NP_788420.1	41.379	58	34	0	164	221	153	210	7.72e-07	50.4
NP_996220.1	NP_523834.1	42.188	64	37	0	158	221	106	169	9.56e-07	49.3
NP_996220.1	NP_572815.3	38.462	65	40	0	165	229	161	225	9.74e-07	49.7
NP_996220.1	NP_652614.1	42.105	57	33	0	165	221	393	449	1.00e-06	50.1
NP_996220.1	NP_608318.5	40.351	57	34	0	165	221	511	567	1.62e-06	49.7
NP_996220.1	NP_723721.1	34.211	76	47	1	146	221	198	270	1.68e-06	49.3
NP_996220.1	NP_523556.1	34.211	76	47	1	146	221	175	247	1.80e-06	49.3
NP_996220.1	NP_611756.1	33.333	96	63	1	129	224	83	177	2.13e-06	48.5
NP_996220.1	NP_001285442.1	40.351	57	34	0	165	221	181	237	2.21e-06	48.9
NP_996220.1	NP_001285443.1	40.351	57	34	0	165	221	181	237	2.22e-06	48.9
NP_996220.1	NP_650701.1	43.860	57	32	0	165	221	317	373	2.84e-06	48.5
NP_996220.1	NP_726006.3	40.741	54	32	0	165	218	560	613	4.00e-06	48.5
NP_996220.1	NP_477330.1	45.000	60	30	1	165	221	8	67	4.25e-06	47.8
NP_996220.1	NP_788588.1	40.000	55	33	0	175	229	27	81	6.27e-06	47.4
NP_996220.1	NP_731113.2	40.000	55	33	0	175	229	32	86	6.43e-06	47.4
NP_996220.1	NP_788587.1	40.000	55	33	0	175	229	108	162	8.46e-06	47.4
NP_996220.1	NP_731111.1	40.000	55	33	0	175	229	103	157	8.57e-06	47.0
NP_996220.1	NP_001138130.2	40.351	57	34	0	165	221	265	321	1.01e-05	47.0
NP_996220.1	NP_524041.2	41.379	58	34	0	161	218	381	438	1.15e-05	47.0
NP_996220.1	NP_733410.2	40.351	57	34	0	165	221	265	321	1.35e-05	46.6
NP_996220.1	NP_996314.1	40.351	57	34	0	165	221	270	326	1.51e-05	46.6
NP_996220.1	NP_524042.2	33.750	80	51	1	165	244	349	426	1.94e-05	46.2
NP_996220.1	NP_001287047.1	33.750	80	51	1	165	244	349	426	1.94e-05	46.2
NP_996220.1	NP_001014582.1	33.750	80	51	1	165	244	349	426	1.94e-05	46.2
NP_996220.1	NP_523862.1	33.333	75	50	0	165	239	183	257	2.23e-05	45.8
NP_996220.1	NP_001162934.1	40.351	57	34	0	165	221	70	126	2.41e-05	45.4
NP_996220.1	NP_523863.1	38.596	57	35	0	165	221	186	242	2.47e-05	45.8
NP_996220.1	NP_477026.1	45.833	48	26	0	174	221	314	361	2.80e-05	45.8
NP_996220.1	NP_001097140.1	40.351	57	34	0	165	221	193	249	3.03e-05	45.4
NP_996220.1	NP_727923.1	37.838	74	38	3	162	228	236	308	3.95e-05	45.1
NP_996220.1	NP_523360.1	37.838	74	38	3	162	228	236	308	3.95e-05	45.1
NP_996220.1	NP_001259593.1	37.838	74	38	3	162	228	236	308	3.95e-05	45.1
NP_996220.1	NP_001259592.1	37.838	74	38	3	162	228	236	308	3.95e-05	45.1
NP_996220.1	NP_573242.2	40.351	57	34	0	165	221	244	300	5.49e-05	44.7
NP_996220.1	NP_001285389.1	40.351	57	34	0	165	221	244	300	5.49e-05	44.7
NP_996220.1	NP_523389.3	31.000	100	57	1	122	221	128	215	1.01e-04	43.5
NP_996220.1	NP_726607.1	30.986	71	48	1	164	234	197	266	1.80e-04	43.1
NP_996220.1	NP_723763.1	33.333	57	38	0	165	221	787	843	2.07e-04	43.1
NP_996220.1	NP_001285878.1	33.333	57	38	0	165	221	787	843	2.07e-04	43.1
NP_996220.1	NP_001285877.1	33.333	57	38	0	165	221	787	843	2.07e-04	43.1
NP_996220.1	NP_524638.3	29.885	87	57	1	164	246	265	351	2.38e-04	42.7
NP_996220.1	NP_001014694.1	30.986	71	48	1	164	234	430	499	3.59e-04	42.4
NP_996220.1	NP_001014693.1	30.986	71	48	1	164	234	471	540	3.75e-04	42.4
NP_996220.1	NP_524628.2	30.986	71	48	1	164	234	411	480	3.91e-04	42.4
NP_996220.1	NP_001097153.1	33.846	65	41	1	159	221	876	940	4.90e-04	42.0
NP_996220.1	NP_476659.1	33.846	65	41	1	159	221	516	580	5.17e-04	41.6
NP_996220.1	NP_001285876.1	33.846	65	41	1	159	221	516	580	5.17e-04	41.6
NP_996220.1	NP_523948.1	30.337	89	62	0	165	253	305	393	5.90e-04	41.2
NP_996220.1	NP_001286957.1	30.337	89	62	0	165	253	305	393	5.90e-04	41.2
NP_996220.1	NP_523558.2	33.333	57	38	0	165	221	392	448	6.15e-04	41.2
NP_996220.1	NP_572500.1	36.782	87	51	3	147	229	3	89	6.98e-04	40.8
NP_996220.1	NP_001259352.1	36.782	87	51	3	147	229	3	89	6.98e-04	40.8
NP_996220.1	NP_511091.4	33.929	56	37	0	165	220	74	129	7.18e-04	41.2
NP_996220.1	NP_001259347.1	33.929	56	37	0	165	220	65	120	7.34e-04	41.2
NP_996220.1	NP_001259346.1	33.929	56	37	0	165	220	68	123	8.10e-04	41.2
NP_996220.1	NP_001259345.1	33.929	56	37	0	165	220	68	123	8.10e-04	41.2
NP_996220.1	NP_001014727.2	33.929	56	37	0	165	220	68	123	8.10e-04	41.2
NP_996220.1	NP_001303383.1	38.596	57	35	0	165	221	305	361	0.001	40.8
NP_996220.1	NP_001163355.2	38.596	57	35	0	165	221	305	361	0.001	40.8
NP_996220.1	NP_001303384.1	38.596	57	35	0	165	221	305	361	0.001	40.8
NP_996220.1	NP_733401.3	33.803	71	46	1	159	229	695	764	0.001	40.8
NP_996220.1	NP_476850.1	33.803	71	46	1	159	229	695	764	0.001	40.4
NP_996220.1	NP_650921.1	40.000	50	30	0	165	214	95	144	0.001	39.3
NP_996220.1	NP_001033832.1	31.667	60	41	0	165	224	231	290	0.002	39.7
NP_996220.1	NP_001284897.1	31.667	60	41	0	165	224	231	290	0.003	39.7
NP_996220.1	NP_476949.2	32.258	62	42	0	165	226	283	344	0.003	39.3
NP_996220.1	NP_001286651.1	36.000	50	32	0	165	214	7	56	0.003	38.9
NP_996220.1	NP_733402.1	33.803	71	46	1	159	229	388	457	0.003	39.3
NP_996220.1	NP_001137762.2	32.258	62	42	0	165	226	341	402	0.004	38.9
NP_996220.1	NP_001286650.1	36.000	50	32	0	165	214	14	63	0.004	38.9
NP_996220.1	NP_523799.3	36.000	50	32	0	165	214	7	56	0.004	38.5
NP_996220.1	NP_001097388.2	36.000	50	32	0	165	214	110	159	0.004	38.9
NP_996220.1	NP_001286654.1	36.000	50	32	0	165	214	117	166	0.004	38.9
NP_996220.1	NP_001286652.1	36.000	50	32	0	165	214	110	159	0.004	38.5
NP_996220.1	NP_001036563.1	36.000	50	32	0	165	214	14	63	0.004	38.5
NP_996220.1	NP_001286653.1	36.000	50	32	0	165	214	117	166	0.005	38.5
NP_996220.1	NP_001261754.1	45.000	40	21	1	190	229	449	487	0.012	37.4
NP_996220.1	NP_729801.1	45.000	40	21	1	190	229	450	488	0.012	37.4
NP_996220.1	NP_572232.2	33.333	60	40	0	165	224	396	455	0.017	37.0
NP_996220.1	NP_001284898.1	33.333	60	40	0	165	224	396	455	0.017	37.0
NP_996220.1	NP_001259358.1	31.250	64	37	2	166	224	88	149	0.022	36.2
NP_996220.1	NP_524623.2	36.364	44	23	1	183	221	2774	2817	0.024	36.6
NP_996220.1	NP_524623.2	31.250	64	44	0	165	228	2155	2218	2.0	30.8
NP_996220.1	NP_001245425.1	36.364	44	23	1	183	221	2772	2815	0.024	36.6
NP_996220.1	NP_001245425.1	31.250	64	44	0	165	228	2153	2216	2.1	30.4
NP_996220.1	NP_001259080.1	29.885	87	53	2	164	246	265	347	0.047	35.4
NP_996220.1	NP_572505.1	29.688	64	38	2	166	224	246	307	0.054	35.4
NP_996220.1	NP_001014744.1	32.143	56	38	0	166	221	294	349	0.080	34.7
NP_996220.1	NP_001245683.1	32.143	56	38	0	166	221	283	338	0.083	34.7
NP_996220.1	NP_727845.1	32.143	56	38	0	166	221	301	356	0.086	34.7
NP_996220.1	NP_001138198.1	32.143	56	38	0	166	221	290	345	0.092	34.3
NP_996220.1	NP_001245682.1	32.143	56	38	0	166	221	313	368	0.097	34.3
NP_996220.1	NP_001014743.1	32.143	56	38	0	166	221	320	375	0.10	34.3
NP_996220.1	NP_001245687.1	32.143	56	38	0	166	221	302	357	0.11	34.3
NP_996220.1	NP_476733.1	31.481	54	37	0	186	239	240	293	0.11	34.3
NP_996220.1	NP_001245686.1	29.825	57	40	0	165	221	295	351	0.11	34.3
NP_996220.1	NP_001245688.1	32.143	56	38	0	166	221	309	364	0.11	34.3
NP_996220.1	NP_001245685.1	29.825	57	40	0	165	221	284	340	0.12	34.3
NP_996220.1	NP_001245684.1	29.825	57	40	0	165	221	291	347	0.12	33.9
NP_996220.1	NP_524876.1	29.825	57	40	0	165	221	321	377	0.14	33.9
NP_996220.1	NP_001245689.1	29.825	57	40	0	165	221	303	359	0.15	33.9
NP_996220.1	NP_730566.1	36.170	47	30	0	179	225	311	357	0.15	33.9
NP_996220.1	NP_649256.1	36.170	47	30	0	179	225	311	357	0.15	33.9
NP_996220.1	NP_724161.1	40.625	32	19	0	190	221	282	313	0.21	33.5
NP_996220.1	NP_001246088.1	40.625	32	19	0	190	221	282	313	0.21	33.5
NP_996220.1	NP_001246086.1	40.625	32	19	0	190	221	282	313	0.21	33.5
NP_996220.1	NP_001246085.1	40.625	32	19	0	190	221	282	313	0.21	33.5
NP_996220.1	NP_476775.1	36.667	30	19	0	194	223	271	300	0.21	33.5
NP_996220.1	NP_001286068.1	36.667	30	19	0	194	223	271	300	0.21	33.5
NP_996220.1	NP_476774.1	36.667	30	19	0	194	223	271	300	0.23	33.5
NP_996220.1	NP_001246087.1	40.625	32	19	0	190	221	167	198	0.24	33.1
NP_996220.1	NP_001260559.1	40.625	32	19	0	190	221	282	313	0.25	33.1
NP_996220.1	NP_476606.1	46.429	28	15	0	194	221	206	233	0.28	33.1
NP_996220.1	NP_476578.3	30.435	69	43	2	165	229	351	418	0.50	32.3
NP_996220.1	NP_476576.1	30.435	69	43	2	165	229	366	433	0.53	32.3
NP_996220.1	NP_729818.1	32.609	46	31	0	186	231	249	294	0.64	32.0
NP_996220.1	NP_524047.2	32.609	46	31	0	186	231	249	294	0.64	32.0
NP_996220.1	NP_001261778.1	35.897	39	25	0	186	224	249	287	0.67	32.0
NP_996220.1	NP_001104400.1	37.209	43	27	0	165	207	254	296	0.83	31.6
NP_996220.1	NP_524046.2	35.897	39	25	0	186	224	251	289	0.97	31.6
NP_996220.1	NP_725182.1	33.898	59	36	1	163	218	92	150	1.3	30.8
NP_996220.1	NP_523714.2	33.898	59	36	1	163	218	90	148	1.4	30.8
NP_996220.1	NP_001261672.1	25.758	66	37	3	52	117	79	132	1.4	30.4
NP_996220.1	NP_725183.1	33.898	59	36	1	163	218	92	150	1.6	30.8
NP_996220.1	NP_001286352.1	33.898	59	36	1	163	218	92	150	1.6	30.8
NP_996220.1	NP_001261762.1	36.735	49	31	0	161	209	381	429	1.7	30.8
NP_996220.1	NP_001259059.1	31.250	64	44	0	165	228	2155	2218	1.9	30.8
NP_996220.1	NP_001261380.1	26.316	57	42	0	165	221	149	205	1.9	30.0
NP_996220.1	NP_001163432.1	35.897	39	25	0	186	224	272	310	2.0	30.4
NP_996220.1	NP_001261379.1	26.316	57	42	0	165	221	149	205	2.0	30.0
NP_996220.1	NP_524045.2	35.897	39	25	0	186	224	280	318	2.0	30.4
NP_996220.1	NP_728906.1	26.316	57	42	0	165	221	149	205	2.1	30.0
NP_996220.1	NP_648567.2	40.741	27	16	0	190	216	367	393	2.4	30.0
NP_996220.1	NP_788337.1	33.898	59	36	1	163	218	90	148	2.9	30.0
NP_996220.1	NP_001137617.2	35.135	74	43	4	155	225	1213	1284	3.1	30.0
NP_996220.1	NP_001286193.1	35.135	74	43	4	155	225	1195	1266	3.1	30.0
NP_996220.1	NP_001188885.2	35.135	74	43	4	155	225	1214	1285	3.1	30.0
NP_996220.1	NP_001138174.1	31.579	57	39	0	165	221	1954	2010	3.2	30.0
NP_996220.1	NP_001259310.1	31.579	57	39	0	165	221	1745	1801	3.4	30.0
NP_996220.1	NP_524764.1	31.579	57	39	0	165	221	1746	1802	3.4	30.0
NP_996220.1	NP_001245565.1	31.579	57	39	0	165	221	1736	1792	3.8	29.6
NP_996220.1	NP_001189245.1	47.619	21	11	0	6	26	42	62	4.7	28.1
NP_996220.1	NP_610377.1	35.135	74	43	4	155	225	916	987	4.8	29.3
NP_996220.1	NP_523907.2	26.316	57	42	0	165	221	149	205	6.7	28.5
NP_996220.1	NP_001163058.1	22.222	63	49	0	164	226	366	428	9.4	28.1
NP_996220.1	NP_724428.1	22.222	63	49	0	164	226	367	429	9.6	28.1
