FBpp0079803	XP_021963428.1	32.258	62	35	2	217	274	66	124	2.7	29.3
FBpp0079803	XP_021945469.1	30.000	70	37	2	62	119	95	164	2.7	29.3
FBpp0079803	XP_021952771.1	26.761	71	47	2	2	70	711	778	4.3	28.9
FBpp0079803	XP_021947600.1	31.250	64	37	2	202	265	674	730	5.7	28.5
FBpp0079803	XP_021957707.1	41.463	41	20	1	78	118	200	236	5.9	28.1
FBpp0078237	XP_021957595.1	37.097	62	32	2	57	118	360	414	0.42	32.3
FBpp0078237	XP_021951511.1	32.432	37	25	0	60	96	167	203	1.1	30.8
FBpp0078237	XP_021945811.1	32.353	68	42	2	231	297	826	890	1.3	30.8
FBpp0078237	XP_021952452.1	28.148	135	86	4	88	216	113	242	1.8	30.0
FBpp0078237	XP_021952451.1	28.148	135	86	4	88	216	113	242	1.8	30.0
FBpp0078237	XP_021948032.1	24.615	65	45	1	70	134	278	338	2.9	29.6
FBpp0078237	XP_021957544.1	27.692	65	38	2	233	289	1429	1492	4.5	29.3
FBpp0078237	XP_021967771.1	40.476	42	25	0	88	129	201	242	5.0	28.9
FBpp0078237	XP_021961429.1	32.143	56	34	1	81	136	874	925	5.7	28.9
FBpp0078237	XP_021944984.1	38.889	36	21	1	84	118	14	49	8.5	28.1
FBpp0078240	XP_021967935.1	26.667	105	67	4	404	505	110	207	5.27e-07	50.8
FBpp0078240	XP_021961172.1	28.571	91	61	2	417	505	112	200	0.001	40.4
FBpp0078240	XP_021961171.1	28.571	91	61	2	417	505	113	201	0.002	40.4
FBpp0078240	XP_021960601.1	27.500	80	52	3	387	462	86	163	0.23	33.5
FBpp0078240	XP_021961103.1	24.627	134	80	4	315	437	266	389	2.0	31.2
FBpp0078240	XP_021961310.1	56.522	23	10	0	152	174	1023	1045	4.7	30.0
FBpp0078240	XP_021961309.1	56.522	23	10	0	152	174	1035	1057	5.0	30.0
FBpp0078240	XP_021961311.1	56.522	23	10	0	152	174	1019	1041	5.0	30.0
FBpp0078240	XP_021957384.1	35.484	62	33	2	344	405	1	55	5.1	29.3
FBpp0078240	XP_021945382.1	38.636	44	27	0	64	107	974	1017	6.3	29.6
FBpp0078240	XP_021964264.1	28.571	63	36	2	309	362	160	222	8.3	29.3
FBpp0078240	XP_021965532.1	28.571	63	36	2	309	362	139	201	8.5	28.9
FBpp0078242	XP_021943353.1	27.419	62	45	0	181	242	33	94	1.3	30.8
FBpp0078242	XP_021954700.1	22.764	123	76	3	41	154	47	159	3.7	29.3
FBpp0078242	XP_021954699.1	22.764	123	76	3	41	154	47	159	3.7	29.3
FBpp0078242	XP_021948005.1	41.667	48	13	3	76	116	366	405	6.1	28.9
FBpp0078242	XP_021947512.1	25.000	212	116	9	164	367	504	680	7.2	28.9
FBpp0078242	XP_021947510.1	24.757	206	112	9	164	361	503	673	7.9	28.9
FBpp0078242	XP_021966882.1	40.000	35	13	1	178	204	106	140	8.0	28.1
FBpp0078242	XP_021947508.1	24.757	206	112	9	164	361	504	674	8.1	28.9
FBpp0078243	XP_021946484.1	21.591	88	47	1	4	91	75	140	1.1	30.8
FBpp0078243	XP_021946483.1	21.591	88	47	1	4	91	75	140	1.1	30.8
FBpp0078243	XP_021962329.1	32.000	50	34	0	206	255	288	337	4.1	28.9
FBpp0078243	XP_021968381.1	29.630	54	31	2	83	136	205	251	6.5	28.1
FBpp0078264	XP_021960185.1	34.211	38	23	1	239	276	1	36	6.1	28.5
FBpp0078244	XP_021962172.1	38.462	39	19	1	1	34	303	341	1.2	29.6
FBpp0078244	XP_021944646.1	26.316	76	53	2	13	85	475	550	7.1	27.3
FBpp0078244	XP_021956610.1	22.059	68	53	0	95	162	371	438	9.4	27.3
FBpp0078246	XP_021950322.1	25.000	92	61	2	97	186	440	525	0.84	31.2
FBpp0078246	XP_021948455.1	25.000	92	61	2	97	186	447	532	1.1	30.8
FBpp0078246	XP_021948454.1	25.000	92	61	2	97	186	447	532	1.1	30.8
FBpp0078246	XP_021955484.1	28.090	89	55	3	157	244	17	97	1.3	30.8
FBpp0078246	XP_021949331.1	38.889	36	22	0	230	265	510	545	1.7	30.4
FBpp0078246	XP_021968144.1	59.091	22	9	0	8	29	9	30	2.5	27.7
FBpp0078246	XP_021968143.1	59.091	22	9	0	8	29	9	30	2.9	27.7
FBpp0078246	XP_021953212.1	34.694	49	29	2	228	273	155	203	3.5	28.9
FBpp0078246	XP_021946756.1	30.882	68	38	1	210	268	22	89	4.2	28.9
FBpp0078246	XP_021947365.1	53.571	28	11	1	176	201	131	158	4.4	28.5
FBpp0078246	XP_021948322.1	33.333	51	30	2	175	224	476	523	4.5	28.9
FBpp0078246	XP_021948465.1	33.962	53	35	0	196	248	170	222	4.7	28.5
FBpp0078246	XP_021948321.1	33.333	51	30	2	175	224	493	540	4.7	28.9
FBpp0078246	XP_021948323.1	33.333	51	30	2	175	224	493	540	4.8	28.9
FBpp0078246	XP_021947049.1	35.417	48	25	1	167	214	658	699	5.3	28.9
FBpp0078246	XP_021944322.1	29.412	51	36	0	40	90	179	229	6.8	28.1
FBpp0078246	XP_021954235.1	21.875	96	61	2	183	273	307	393	7.6	28.5
FBpp0078246	XP_021968162.1	30.645	62	40	1	65	123	532	593	9.5	28.1
FBpp0078246	XP_021960527.1	43.750	32	18	0	208	239	322	353	9.7	27.7
FBpp0078247	XP_021952089.1	48.276	29	12	2	1	29	1	26	7.3	28.1
FBpp0078248	XP_021968047.1	50.000	28	14	0	113	140	2027	2054	0.69	31.2
FBpp0078248	XP_021968046.1	50.000	28	14	0	113	140	2145	2172	0.69	31.2
FBpp0078248	XP_021968045.1	50.000	28	14	0	113	140	2205	2232	0.69	31.2
FBpp0078248	XP_021968044.1	50.000	28	14	0	113	140	2207	2234	0.69	31.2
FBpp0078248	XP_021948697.1	37.705	61	36	2	43	103	178	236	5.9	28.1
FBpp0078250	XP_021959062.1	29.231	130	81	5	351	473	196	321	0.18	34.7
FBpp0078250	XP_021947813.1	25.610	82	55	2	115	196	2088	2163	1.9	31.6
FBpp0078250	XP_021950874.1	27.083	96	56	5	258	344	356	446	3.1	30.8
FBpp0078250	XP_021944122.1	31.746	63	42	1	449	511	635	696	8.3	29.3
FBpp0078263	XP_021951460.1	27.103	107	70	3	167	267	250	354	0.13	33.9
FBpp0078263	XP_021951464.1	27.103	107	70	3	167	267	239	343	0.13	33.5
FBpp0078263	XP_021951463.1	27.103	107	70	3	167	267	239	343	0.13	33.5
FBpp0078263	XP_021951462.1	27.103	107	70	3	167	267	239	343	0.13	33.5
FBpp0078263	XP_021951461.1	27.103	107	70	3	167	267	239	343	0.13	33.5
FBpp0078263	XP_021955827.1	34.694	49	27	1	37	80	1130	1178	4.3	29.3
FBpp0078263	XP_021961442.1	27.907	86	46	2	216	301	8	77	6.2	28.1
FBpp0078263	XP_021958327.1	30.986	71	41	2	233	302	6	69	6.8	27.7
FBpp0078263	XP_021947648.1	24.051	79	47	2	153	223	374	447	8.5	28.1
FBpp0078251	XP_021964722.1	29.730	74	44	2	210	275	144	217	0.28	32.7
FBpp0078251	XP_021952328.1	37.736	53	18	2	239	291	324	361	0.56	31.6
FBpp0078251	XP_021952327.1	37.736	53	18	2	239	291	324	361	0.56	31.6
FBpp0078251	XP_021952326.1	37.736	53	18	2	239	291	324	361	0.56	31.6
FBpp0078251	XP_021952325.1	37.736	53	18	2	239	291	324	361	0.56	31.6
FBpp0078251	XP_021952324.1	37.736	53	18	2	239	291	324	361	0.56	31.6
FBpp0078251	XP_021952323.1	37.736	53	18	2	239	291	324	361	0.56	31.6
FBpp0078251	XP_021952322.1	37.736	53	18	2	239	291	324	361	0.56	31.6
FBpp0078251	XP_021952321.1	37.736	53	18	2	239	291	324	361	0.56	31.6
FBpp0078251	XP_021964188.1	36.957	46	29	0	121	166	111	156	0.71	31.6
FBpp0078251	XP_021964181.1	36.957	46	29	0	121	166	111	156	0.71	31.6
FBpp0078251	XP_021965808.1	33.333	42	25	1	20	61	89	127	4.4	28.5
FBpp0078254	XP_021967033.1	47.826	23	12	0	62	84	124	146	7.7	26.9
FBpp0078254	XP_021955894.1	76.471	17	3	1	18	33	259	275	8.3	27.3
FBpp0078256	XP_021965938.1	29.487	78	51	1	36	109	532	609	0.043	34.7
FBpp0078256	XP_021967742.1	35.897	39	24	1	157	195	110	147	2.3	28.9
FBpp0078256	XP_021967743.1	35.897	39	24	1	157	195	107	144	2.3	28.9
FBpp0078256	XP_021949554.1	29.730	74	45	2	39	112	419	485	2.4	29.3
FBpp0078256	XP_021950414.1	27.500	80	50	2	110	183	96	173	2.7	28.9
FBpp0078256	XP_021956866.1	33.333	45	30	0	22	66	240	284	7.1	27.7
FBpp0078256	XP_021956723.1	28.947	38	27	0	140	177	53	90	9.1	27.3
FBpp0078256	XP_021960128.1	34.375	64	32	2	43	97	92	154	9.9	27.3
FBpp0078256	XP_021960127.1	34.375	64	32	2	43	97	92	154	9.9	27.3
FBpp0078259	XP_021967935.1	27.778	108	63	4	550	647	117	219	9.49e-07	50.4
FBpp0078259	XP_021963247.1	33.333	57	37	1	540	596	136	191	0.11	35.0
FBpp0078259	XP_021944097.1	23.529	85	51	3	560	644	138	208	0.38	33.1
FBpp0078259	XP_021944096.1	23.529	85	51	3	560	644	138	208	0.38	33.1
FBpp0078259	XP_021961171.1	21.348	89	68	1	557	643	113	201	1.3	31.6
FBpp0078259	XP_021961172.1	21.348	89	68	1	557	643	112	200	1.4	31.6
FBpp0078259	XP_021967793.1	26.667	60	44	0	340	399	217	276	1.6	31.6
FBpp0078259	XP_021967785.1	26.667	60	44	0	340	399	221	280	1.8	31.6
FBpp0078259	XP_021944219.1	45.833	24	13	0	620	643	338	361	1.9	31.2
FBpp0078259	XP_021944296.1	31.373	51	35	0	522	572	53	103	2.7	31.2
FBpp0078259	XP_021954554.1	29.630	81	45	4	338	418	743	811	3.3	30.8
FBpp0078259	XP_021945241.1	42.857	49	25	2	93	140	165	211	9.5	28.9
FBpp0078260	XP_021956899.1	27.397	73	52	1	87	158	178	250	2.3	29.6
FBpp0081204	XP_021944513.1	25.000	76	55	1	169	242	291	366	6.3	28.1
FBpp0081205	XP_021955000.1	28.409	88	57	3	19	100	1063	1150	3.0	29.6
FBpp0081205	XP_021963146.1	44.828	29	16	0	210	238	171	199	3.3	28.9
FBpp0081205	XP_021946243.1	25.628	199	106	9	107	269	157	349	6.6	28.5
FBpp0081205	XP_021946244.1	25.628	199	106	9	107	269	157	349	6.8	28.5
FBpp0081205	XP_021947682.1	30.952	42	29	0	12	53	37	78	7.1	28.1
FBpp0081205	XP_021966268.1	27.778	72	44	3	207	278	649	712	9.9	27.7
FBpp0082206	XP_021961215.1	27.027	37	27	0	148	184	444	480	2.5	30.0
FBpp0082206	XP_021957906.1	28.788	66	46	1	3	68	1124	1188	3.6	29.6
FBpp0082206	XP_021957905.1	28.788	66	46	1	3	68	1124	1188	3.6	29.6
FBpp0082206	XP_021957904.1	28.788	66	46	1	3	68	1124	1188	3.6	29.6
FBpp0303323	XP_021967939.1	24.615	65	49	0	176	240	112	176	1.7	29.6
FBpp0303323	XP_021967938.1	24.615	65	49	0	176	240	112	176	1.7	29.6
FBpp0303323	XP_021968120.1	31.818	44	24	1	35	78	329	366	2.3	29.6
FBpp0303323	XP_021968118.1	31.818	44	24	1	35	78	334	371	2.4	29.3
FBpp0303323	XP_021951096.1	32.653	49	25	1	14	54	255	303	3.2	29.3
FBpp0078255	XP_021961037.1	27.586	87	54	3	64	147	823	903	1.8	30.0
FBpp0078255	XP_021961038.1	27.586	87	54	3	64	147	823	903	1.8	30.0
FBpp0078255	XP_021963613.1	27.778	72	51	1	44	115	113	183	4.0	28.5
FBpp0078255	XP_021946931.1	34.091	44	26	1	40	80	240	283	4.7	28.9
FBpp0078255	XP_021946929.1	34.091	44	26	1	40	80	240	283	4.7	28.9
FBpp0078255	XP_021955623.1	28.302	53	38	0	157	209	23	75	9.5	26.9
FBpp0078257	XP_021954993.1	36.508	63	32	2	65	119	330	392	1.2	30.8
FBpp0078257	XP_021953667.1	27.835	97	67	1	127	223	8	101	2.9	29.3
FBpp0078257	XP_021967521.1	45.946	37	14	1	231	261	698	734	4.7	28.9
FBpp0078257	XP_021957450.1	39.623	53	24	3	115	167	394	438	7.3	28.1
FBpp0078257	XP_021950490.1	31.034	29	20	0	219	247	647	675	7.7	28.1
FBpp0078245	XP_021951735.1	28.736	87	49	2	178	264	14	87	1.2	30.8
FBpp0078245	XP_021961841.1	36.667	60	32	3	249	308	211	264	1.7	30.4
FBpp0078245	XP_021964413.1	40.000	50	29	1	71	119	196	245	3.0	29.6
FBpp0078245	XP_021951385.1	32.836	67	43	1	212	278	492	556	6.3	28.5
